xof 0303txt 0032

template XSkinMeshHeader {
 <3cf169ce-ff7c-44ab-93c0-f78f62d172e2>
 WORD nMaxSkinWeightsPerVertex;
 WORD nMaxSkinWeightsPerFace;
 WORD nBones;
}

template VertexDuplicationIndices {
 <b8d65549-d7c9-4995-89cf-53a9a8b031e3>
 DWORD nIndices;
 DWORD nOriginalVertices;
 array DWORD indices[nIndices];
}

template SkinWeights {
 <6f0d123b-bad2-4167-a0d0-80224f25fabb>
 STRING transformNodeName;
 DWORD nWeights;
 array DWORD vertexIndices[nWeights];
 array FLOAT weights[nWeights];
 Matrix4x4 matrixOffset;
}


Frame Frame_SCENE_ROOT {

 FrameTransformMatrix {
  1.000000,0.000000,0.000000,0.000000,0.000000,1.000000,0.000000,0.000000,0.000000,0.000000,1.000000,0.000000,0.000000,0.000000,0.000000,1.000000;;
 }

 Frame Frame1________f___Layer1 {

  FrameTransformMatrix {
   1.000000,0.000000,0.000000,0.000000,0.000000,1.000000,0.000000,0.000000,0.000000,0.000000,1.000000,0.000000,0.000000,0.000000,0.000000,1.000000;;
  }

  Mesh Mesh________f__ {
   0;
   0;

   MeshNormals {
    0;
    0;
   }

   MeshMaterialList {
    22;
    0;

    Material {
     0.784314;0.784314;0.784314;1.000000;;
     51.200001;
     0.000000;0.000000;0.000000;;
     0.000000;0.000000;0.000000;;
    }

    Material {
     0.317647;0.317647;0.317647;1.000000;;
     25.600000;
     0.000000;0.000000;0.000000;;
     0.000000;0.000000;0.000000;;
    }

    Material {
     0.000000;0.611765;0.611765;1.000000;;
     25.600000;
     0.000000;0.000000;0.000000;;
     0.000000;0.000000;0.000000;;
    }

    Material {
     0.913726;0.486275;0.596078;1.000000;;
     25.600000;
     0.000000;0.000000;0.000000;;
     0.000000;0.000000;0.000000;;
    }

    Material {
     0.749020;0.749020;0.749020;1.000000;;
     25.600000;
     0.000000;0.000000;0.000000;;
     0.000000;0.000000;0.000000;;
    }

    Material {
     0.870588;0.870588;0.870588;1.000000;;
     25.600000;
     0.000000;0.000000;0.000000;;
     0.000000;0.000000;0.000000;;
    }

    Material {
     0.219608;0.000000;0.000000;1.000000;;
     25.600000;
     0.000000;0.000000;0.000000;;
     0.000000;0.000000;0.000000;;
    }

    Material {
     0.611765;1.000000;0.807843;1.000000;;
     25.600000;
     0.000000;0.000000;0.000000;;
     0.000000;0.000000;0.000000;;
    }

    Material {
     0.596078;0.619608;0.662745;1.000000;;
     25.600000;
     0.000000;0.000000;0.000000;;
     0.000000;0.000000;0.000000;;
    }

    Material {
     1.000000;1.000000;0.000000;1.000000;;
     25.600000;
     0.000000;0.000000;0.000000;;
     0.000000;0.000000;0.000000;;
    }

    Material {
     1.000000;1.000000;0.611765;1.000000;;
     25.600000;
     0.000000;0.000000;0.000000;;
     0.000000;0.000000;0.000000;;
    }

    Material {
     0.741176;0.741176;0.741176;1.000000;;
     25.600000;
     0.000000;0.000000;0.000000;;
     0.000000;0.000000;0.000000;;
    }

    Material {
     0.125490;0.125490;0.125490;1.000000;;
     25.600000;
     0.000000;0.000000;0.000000;;
     0.000000;0.000000;0.000000;;
    }

    Material {
     0.184314;0.725490;0.725490;1.000000;;
     25.600000;
     0.000000;0.000000;0.000000;;
     0.000000;0.000000;0.000000;;
    }

    Material {
     0.937255;0.937255;0.937255;1.000000;;
     25.600000;
     0.000000;0.000000;0.000000;;
     0.000000;0.000000;0.000000;;
    }

    Material {
     0.450980;0.450980;0.450980;1.000000;;
     25.600000;
     0.000000;0.000000;0.000000;;
     0.000000;0.000000;0.000000;;
    }

    Material {
     0.996078;0.847059;0.752941;1.000000;;
     25.600000;
     0.000000;0.000000;0.000000;;
     0.000000;0.000000;0.000000;;
    }

    Material {
     1.000000;1.000000;1.000000;1.000000;;
     25.600000;
     0.000000;0.000000;0.000000;;
     0.000000;0.000000;0.000000;;
    }

    Material {
     1.000000;0.811765;0.733333;1.000000;;
     25.600000;
     0.000000;0.000000;0.000000;;
     0.000000;0.000000;0.000000;;
    }

    Material {
     1.000000;0.709804;0.666667;1.000000;;
     25.600000;
     0.000000;0.000000;0.000000;;
     0.000000;0.000000;0.000000;;
    }

    Material {
     1.000000;0.796079;0.725490;1.000000;;
     25.600000;
     0.000000;0.000000;0.000000;;
     0.000000;0.000000;0.000000;;
    }

    Material {
     0.000000;0.000000;0.000000;1.000000;;
     25.600000;
     0.000000;0.000000;0.000000;;
     0.000000;0.000000;0.000000;;
    }
   }

   XSkinMeshHeader {
    0;
    0;
    0;
   }
  }

  Frame Frame2_death {

   FrameTransformMatrix {
    -0.000000,0.000000,1.000000,0.000000,0.000000,1.000000,0.000000,0.000000,-1.000000,0.000000,-0.000000,0.000000,-49.299999,106.199997,7.100000,1.000000;;
   }
  }

  Frame Frame45_ch_ORIGIIN01 {

   FrameTransformMatrix {
    1.000000,0.000000,0.000000,0.000000,0.000000,1.000000,0.000000,0.000000,0.000000,0.000000,1.000000,0.000000,0.000000,102.599998,-1.600000,1.000000;;
   }

   Frame Frame46_waist {

    FrameTransformMatrix {
     -0.000541,-0.019996,0.999800,0.000000,1.000000,-0.000011,0.000541,0.000000,0.000000,0.999800,0.019996,0.000000,0.000000,0.000000,4.200000,1.000000;;
    }

    Frame Frame47_brest01 {

     FrameTransformMatrix {
      0.991989,-0.077693,-0.099607,0.000000,0.054763,0.975044,-0.215152,0.000000,0.113837,0.207973,0.971488,0.000000,0.000000,0.000000,10.002000,1.000000;;
     }

     Frame Frame48_neck01 {

      FrameTransformMatrix {
       0.079876,-0.996805,-0.000006,0.000000,0.994569,0.079696,0.066938,0.000000,-0.066724,-0.005353,0.997757,0.000000,0.000000,0.000000,16.150549,1.000000;;
      }

      Frame Frame49_head01 {

       FrameTransformMatrix {
        1.000000,0.000091,0.000000,0.000000,-0.000091,0.997575,0.069598,0.000000,0.000006,-0.069598,0.997575,0.000000,-0.000000,-0.000000,8.620895,1.000000;;
       }
      }
     }

     Frame Frame63_sholder_l {

      FrameTransformMatrix {
       0.121443,0.168241,-0.978236,0.000000,0.987506,0.079221,0.136218,0.000000,0.100414,-0.982557,-0.156518,0.000000,0.000000,0.000000,16.150549,1.000000;;
      }

      Frame Frame64_sholder_l02 {

       FrameTransformMatrix {
        0.953849,-0.000000,-0.300285,0.000000,0.000000,1.000000,0.000000,0.000000,0.300285,-0.000000,0.953849,0.000000,-0.000000,-0.000000,10.127192,1.000000;;
       }

       Frame Frame68_arm_l01 {

        FrameTransformMatrix {
         0.987960,0.000000,0.154710,0.000000,-0.000000,1.000000,-0.000000,0.000000,-0.154710,-0.000000,0.987960,0.000000,0.000000,-0.000000,2.236068,1.000000;;
        }

        Frame Frame65_arm_l02 {

         FrameTransformMatrix {
          0.416401,-0.000000,0.909181,0.000000,-0.000000,1.000000,0.000000,0.000000,-0.909181,-0.000001,0.416401,0.000000,0.000000,-0.000000,4.472136,1.000000;;
         }

         Frame Frame66_elbow_l {

          FrameTransformMatrix {
           0.999654,0.000000,0.026307,0.000000,0.001955,0.997234,-0.074304,0.000000,-0.026234,0.074329,0.996889,0.000000,-0.000001,0.000000,17.000000,1.000000;;
          }

          Frame Frame67_arm_l03 {

           FrameTransformMatrix {
            -0.133942,0.001816,0.990987,0.000000,0.001487,0.999998,-0.001632,0.000000,-0.990988,0.001255,-0.133944,0.000000,0.000000,0.000000,6.726811,1.000000;;
           }

           Frame Frame23_hand_l {

            FrameTransformMatrix {
             0.999954,-0.005526,0.007860,0.000000,0.007811,0.943919,-0.330086,0.000000,-0.005595,0.330132,0.943918,0.000000,0.000000,-0.000000,13.247641,1.000000;;
            }

            Frame Frame3_Oya_0402__1_ {

             FrameTransformMatrix {
              0.316228,-0.000000,0.948683,0.000000,-0.336580,0.934947,0.112193,0.000000,-0.886969,-0.354787,0.295656,0.000000,-0.000000,0.000000,1.000000,1.000000;;
             }

             Frame Frame4_Oya_0403__1_ {

              FrameTransformMatrix {
               0.494696,0.867695,0.048801,0.000000,-0.727223,0.382556,0.569911,0.000000,0.475840,-0.317421,0.820256,0.000000,0.000000,-0.000000,1.691153,1.000000;;
              }

              Frame Frame5_Oya_0404__1_ {

               FrameTransformMatrix {
                0.959019,-0.196837,-0.203809,0.000000,0.245075,0.937244,0.248017,0.000000,0.142200,-0.287802,0.947074,0.000000,-0.000000,-0.000000,4.253233,1.000000;;
               }

               Frame Frame6_Oya_0405__1_ {

                FrameTransformMatrix {
                 0.991792,0.027058,0.124969,0.000000,0.000247,0.976947,-0.213483,0.000000,-0.127865,0.211762,0.968921,0.000000,0.000000,0.000000,2.251663,1.000000;;
                }
               }
              }
             }
            }

            Frame Frame7_Hit_0401__1_ {

             FrameTransformMatrix {
              0.955064,-0.000000,0.296399,0.000000,-0.127724,0.902391,0.411555,0.000000,-0.267468,-0.430919,0.861841,0.000000,-0.000000,0.000000,1.000000,1.000000;;
             }

             Frame Frame8_Hit_0402__1_ {

              FrameTransformMatrix {
               0.974350,-0.096973,-0.203071,0.000000,0.124592,0.983924,0.127946,0.000000,0.187400,-0.149965,0.970769,0.000000,0.000000,-0.000001,6.729784,1.000000;;
              }

              Frame Frame9_Hit_0403__1_ {

               FrameTransformMatrix {
                0.997268,-0.040899,-0.061517,0.000000,0.044323,0.997482,0.055366,0.000000,0.059097,-0.057942,0.996569,0.000000,-0.000000,-0.000000,3.251156,1.000000;;
               }

               Frame Frame10_Hit_0404__1_ {

                FrameTransformMatrix {
                 0.996546,-0.049827,-0.066436,0.000000,0.069024,0.941799,0.329014,0.000000,0.046176,-0.332464,0.941985,0.000000,-0.000000,0.000000,1.499998,1.000000;;
                }
               }
              }
             }
            }

            Frame Frame11_Nak_0401__1_ {

             FrameTransformMatrix {
              0.995634,-0.000000,0.093341,0.000000,-0.040546,0.900727,0.432488,0.000000,-0.084075,-0.434385,0.896795,0.000000,-0.000000,0.000000,1.000000,1.000000;;
             }

             Frame Frame12_Nak_0402__1_ {

              FrameTransformMatrix {
               0.995634,-0.040546,-0.084075,0.000000,0.064373,0.950519,0.303924,0.000000,0.067592,-0.308010,0.948979,0.000000,0.000000,-0.000000,7.136527,1.000000;;
              }

              Frame Frame13_Nak_0403__1_ {

               FrameTransformMatrix {
                1.000000,-0.000000,0.000000,0.000000,0.000000,0.986206,0.165520,0.000000,-0.000000,-0.165520,0.986206,0.000000,-0.000000,-0.000000,2.900002,1.000000;;
               }

               Frame Frame14_Nak_0404__1_ {

                FrameTransformMatrix {
                 0.995893,-0.072429,-0.054321,0.000000,0.079253,0.987491,0.136313,0.000000,0.043769,-0.140059,0.989175,0.000000,-0.000000,0.000000,1.499994,1.000000;;
                }
               }
              }
             }
            }

            Frame Frame15_Kus_0401__1_ {

             FrameTransformMatrix {
              0.995495,-0.000000,-0.094809,0.000000,0.047852,0.863282,0.502449,0.000000,0.081847,-0.504722,0.859393,0.000000,-0.000000,0.000000,1.000000,1.000000;;
             }

             Frame Frame16_Kus_0402__1_ {

              FrameTransformMatrix {
               0.995495,0.047852,0.081847,0.000000,-0.054675,0.995027,0.083254,0.000000,-0.077456,-0.087354,0.993161,0.000000,-0.000000,-0.000001,7.330755,1.000000;;
              }

              Frame Frame17_Kus_0403__1_ {

               FrameTransformMatrix {
                1.000000,0.000000,0.000000,0.000000,-0.000000,0.893294,0.449474,0.000000,-0.000000,-0.449474,0.893294,0.000000,-0.000000,0.000000,2.080864,1.000000;;
               }

               Frame Frame18_Kus_0404__1_ {

                FrameTransformMatrix {
                 1.000000,-0.000000,0.000000,0.000000,0.000000,0.970142,0.242537,0.000000,-0.000000,-0.242537,0.970142,0.000000,-0.000000,-0.000000,1.700001,1.000000;;
                }
               }
              }
             }
            }

            Frame Frame19_Ko_0401__1_ {

             FrameTransformMatrix {
              0.956477,0.000000,-0.291807,0.000000,0.158766,0.839034,0.520399,0.000000,0.244836,-0.544079,0.802517,0.000000,-0.000000,0.000000,1.000000,1.000000;;
             }

             Frame Frame20_Ko_0402__1_ {

              FrameTransformMatrix {
               0.982852,0.100327,0.154716,0.000000,-0.122088,0.982845,0.138240,0.000000,-0.138193,-0.154758,0.978240,0.000000,-0.000000,-0.000000,7.351871,1.000000;;
              }

              Frame Frame21_Ko_0403__1_ {

               FrameTransformMatrix {
                0.962206,0.180300,0.204085,0.000000,-0.242897,0.907070,0.343840,0.000000,-0.123125,-0.380416,0.916583,0.000000,-0.000000,0.000000,1.208305,1.000000;;
               }

               Frame Frame22_Ko_0404__1_ {

                FrameTransformMatrix {
                 0.987763,0.139113,0.070516,0.000000,-0.152610,0.955355,0.252997,0.000000,-0.032173,-0.260663,0.964894,0.000000,-0.000000,-0.000000,1.345361,1.000000;;
                }
               }
              }
             }
            }
           }
          }
         }
        }
       }
      }
     }

     Frame Frame69_sholder_r {

      FrameTransformMatrix {
       -0.146711,0.146729,0.978236,0.000000,0.987506,0.079221,0.136218,0.000000,-0.057509,0.985999,-0.156518,0.000000,0.000000,0.000000,16.150549,1.000000;;
      }

      Frame Frame70_sholder_r02 {

       FrameTransformMatrix {
        0.953849,0.000000,0.300285,0.000000,-0.000000,1.000000,0.000000,0.000000,-0.300285,-0.000000,0.953849,0.000000,0.000000,-0.000000,10.127192,1.000000;;
       }

       Frame Frame74_arm_r01 {

        FrameTransformMatrix {
         1.000000,0.000000,-0.000000,0.000000,-0.000000,1.000000,-0.000000,0.000000,0.000000,0.000000,1.000000,0.000000,0.000000,0.000000,2.236068,1.000000;;
        }

        Frame Frame71_arm_r02 {

         FrameTransformMatrix {
          0.356859,-0.000000,-0.934158,0.000000,0.000000,1.000000,-0.000000,0.000000,0.934158,0.000000,0.356859,0.000000,0.000000,0.000000,4.472136,1.000000;;
         }

         Frame Frame72_elbow_r {

          FrameTransformMatrix {
           0.999654,0.000000,-0.026307,0.000000,-0.001955,0.997234,-0.074304,0.000000,0.026234,0.074329,0.996889,0.000000,-0.000000,-0.000000,16.999998,1.000000;;
          }

          Frame Frame73_arm_r03 {

           FrameTransformMatrix {
            -0.183401,-0.067858,-0.980693,0.000000,-0.013710,0.997694,-0.066470,0.000000,0.982943,0.001255,-0.183909,0.000000,-0.000000,0.000000,6.726811,1.000000;;
           }

           Frame Frame44_hand_r {

            FrameTransformMatrix {
             0.981791,-0.181250,-0.056879,0.000000,0.151088,0.926532,-0.344544,0.000000,0.115149,0.329676,0.937046,0.000000,0.000000,0.000000,13.247640,1.000000;;
            }

            Frame Frame24_Oya_0402__2_ {

             FrameTransformMatrix {
              0.316228,0.000000,-0.948683,0.000000,0.336580,0.934947,0.112193,0.000000,0.886969,-0.354787,0.295656,0.000000,0.000000,-0.000000,1.000000,1.000000;;
             }

             Frame Frame25_Oya_0403__2_ {

              FrameTransformMatrix {
               0.866050,-0.331762,0.374020,0.000000,0.153408,0.888357,0.432768,0.000000,-0.475840,-0.317421,0.820256,0.000000,-0.000000,-0.000000,1.691153,1.000000;;
              }

              Frame Frame26_Oya_0404__2_ {

               FrameTransformMatrix {
                0.877048,-0.416628,0.239181,0.000000,0.370881,0.903662,0.214109,0.000000,-0.305343,-0.099077,0.947074,0.000000,-0.000000,0.000000,4.253234,1.000000;;
               }

               Frame Frame27_Oya_0405__2_ {

                FrameTransformMatrix {
                 0.941026,0.267975,-0.206540,0.000000,-0.298855,0.944538,-0.136138,0.000000,0.158604,0.189835,0.968921,0.000000,-0.000000,-0.000000,2.251663,1.000000;;
                }
               }
              }
             }
            }

            Frame Frame28_Hit_0401__2_ {

             FrameTransformMatrix {
              0.955064,0.000000,-0.296399,0.000000,0.127724,0.902390,0.411556,0.000000,0.267468,-0.430919,0.861841,0.000000,0.000000,-0.000000,1.000000,1.000000;;
             }

             Frame Frame29_Hit_0402__2_ {

              FrameTransformMatrix {
               0.974350,0.096973,0.203071,0.000000,-0.124592,0.983924,0.127946,0.000000,-0.187400,-0.149965,0.970769,0.000000,-0.000000,0.000000,6.729784,1.000000;;
              }

              Frame Frame30_Hit_0403__2_ {

               FrameTransformMatrix {
                0.997268,0.040899,0.061516,0.000000,-0.044323,0.997482,0.055366,0.000000,-0.059097,-0.057942,0.996569,0.000000,0.000000,-0.000000,3.251156,1.000000;;
               }

               Frame Frame31_Hit_0404__2_ {

                FrameTransformMatrix {
                 0.996546,0.049827,0.066436,0.000000,-0.069024,0.941799,0.329014,0.000000,-0.046176,-0.332464,0.941985,0.000000,-0.000000,-0.000000,1.499998,1.000000;;
                }
               }
              }
             }
            }

            Frame Frame32_Nak_0401__2_ {

             FrameTransformMatrix {
              0.995634,0.000000,-0.093341,0.000000,0.040546,0.900727,0.432488,0.000000,0.084075,-0.434385,0.896795,0.000000,0.000000,-0.000000,1.000000,1.000000;;
             }

             Frame Frame33_Nak_0402__2_ {

              FrameTransformMatrix {
               0.995634,0.040546,0.084075,0.000000,-0.064373,0.950519,0.303924,0.000000,-0.067592,-0.308010,0.948979,0.000000,-0.000000,-0.000000,7.136526,1.000000;;
              }

              Frame Frame34_Nak_0403__2_ {

               FrameTransformMatrix {
                1.000000,0.000000,-0.000000,0.000000,-0.000000,0.986206,0.165520,0.000000,0.000000,-0.165520,0.986206,0.000000,0.000000,-0.000000,2.900002,1.000000;;
               }

               Frame Frame35_Nak_0404__2_ {

                FrameTransformMatrix {
                 0.995893,0.072429,0.054321,0.000000,-0.079253,0.987491,0.136313,0.000000,-0.043769,-0.140059,0.989175,0.000000,-0.000000,0.000000,1.499994,1.000000;;
                }
               }
              }
             }
            }

            Frame Frame36_Kus_0401__2_ {

             FrameTransformMatrix {
              0.995495,0.000000,0.094809,0.000000,-0.047852,0.863282,0.502449,0.000000,-0.081847,-0.504723,0.859393,0.000000,0.000000,-0.000000,1.000000,1.000000;;
             }

             Frame Frame37_Kus_0402__2_ {

              FrameTransformMatrix {
               0.995495,-0.047852,-0.081847,0.000000,0.054675,0.995027,0.083254,0.000000,0.077456,-0.087354,0.993161,0.000000,-0.000000,-0.000000,7.330754,1.000000;;
              }

              Frame Frame38_Kus_0403__2_ {

               FrameTransformMatrix {
                1.000000,0.000000,-0.000000,0.000000,-0.000000,0.893294,0.449473,0.000000,0.000000,-0.449473,0.893294,0.000000,0.000000,0.000000,2.080864,1.000000;;
               }

               Frame Frame39_Kus_0404__2_ {

                FrameTransformMatrix {
                 1.000000,0.000000,-0.000000,0.000000,-0.000000,0.970142,0.242537,0.000000,0.000000,-0.242537,0.970142,0.000000,0.000000,0.000000,1.700001,1.000000;;
                }
               }
              }
             }
            }

            Frame Frame40_Ko_0401__2_ {

             FrameTransformMatrix {
              0.956477,0.000000,0.291807,0.000000,-0.158766,0.839034,0.520399,0.000000,-0.244836,-0.544079,0.802517,0.000000,0.000000,-0.000000,1.000000,1.000000;;
             }

             Frame Frame41_Ko_0402__2_ {

              FrameTransformMatrix {
               0.982852,-0.100327,-0.154716,0.000000,0.122088,0.982845,0.138240,0.000000,0.138193,-0.154758,0.978240,0.000000,0.000000,-0.000000,7.351872,1.000000;;
              }

              Frame Frame42_Ko_0403__2_ {

               FrameTransformMatrix {
                0.962206,-0.180300,-0.204085,0.000000,0.242897,0.907070,0.343840,0.000000,0.123125,-0.380416,0.916583,0.000000,-0.000000,-0.000000,1.208305,1.000000;;
               }

               Frame Frame43_Ko_0404__2_ {

                FrameTransformMatrix {
                 0.987763,-0.139113,-0.070516,0.000000,0.152610,0.955355,0.252997,0.000000,0.032173,-0.260662,0.964894,0.000000,0.000000,-0.000000,1.345361,1.000000;;
                }
               }
              }
             }
            }
           }
          }
         }
        }
       }
      }
     }
    }
   }

   Frame Frame50_bely {

    FrameTransformMatrix {
     -0.000000,-0.108059,-0.994144,0.000000,1.000000,-0.000000,-0.000000,0.000000,0.000000,-0.994144,0.108059,0.000000,0.000000,0.000000,4.200000,1.000000;;
    }

    Frame Frame51_thigh_l01 {

     FrameTransformMatrix {
      0.108059,0.000000,0.994144,0.000000,-0.994144,-0.000000,0.108059,0.000000,0.000000,-1.000000,-0.000000,0.000000,-0.000000,-0.000000,9.254186,1.000000;;
     }

     Frame Frame52_thigh_l02 {

      FrameTransformMatrix {
       -0.000000,-0.000000,-1.000000,0.000000,-0.000000,1.000000,-0.000000,0.000000,1.000000,0.000000,-0.000000,0.000000,-0.000000,0.000000,6.600000,1.000000;;
      }

      Frame Frame53_thigh_l03 {

       FrameTransformMatrix {
        0.959441,-0.000000,0.281910,0.000000,0.003339,0.999930,-0.011364,0.000000,-0.281890,0.011844,0.959374,0.000000,-0.000000,0.000000,4.400002,1.000000;;
       }

       Frame Frame54_thigh_l04 {

        FrameTransformMatrix {
         0.016677,-0.998851,0.044929,0.000000,0.999858,0.016762,0.001516,0.000000,-0.002268,0.044897,0.998989,0.000000,-0.000000,-0.000000,42.215046,1.000000;;
        }

        Frame Frame55_thigh_l05 {

         FrameTransformMatrix {
          0.429242,-0.256172,-0.866099,0.000000,0.078837,0.965900,-0.246620,0.000000,0.899742,0.037579,0.434801,0.000000,-0.000000,0.000000,42.308514,1.000000;;
         }

         Frame Frame56_thigh_l06 {

          FrameTransformMatrix {
           0.926522,-0.032841,-0.374804,0.000000,-0.000000,0.996183,-0.087287,0.000000,0.376240,0.080874,0.922986,0.000000,-0.000000,-0.000000,11.456439,1.000000;;
          }
         }
        }
       }
      }
     }
    }

    Frame Frame57_thigh_r01 {

     FrameTransformMatrix {
      -0.108059,-0.000000,-0.994144,0.000000,-0.994144,-0.000000,0.108059,0.000000,-0.000000,1.000000,-0.000000,0.000000,-0.000000,-0.000000,9.254186,1.000000;;
     }

     Frame Frame58_thigh_r02 {

      FrameTransformMatrix {
       -0.000000,-0.000000,1.000000,0.000000,-0.000000,1.000000,0.000000,0.000000,-1.000000,-0.000000,-0.000000,0.000000,-0.000000,-0.000000,6.600000,1.000000;;
      }

      Frame Frame59_thigh_r03 {

       FrameTransformMatrix {
        0.959441,-0.000000,-0.281910,0.000000,-0.003339,0.999930,-0.011364,0.000000,0.281890,0.011844,0.959374,0.000000,0.000000,0.000000,4.400002,1.000000;;
       }

       Frame Frame60_thigh_r04 {

        FrameTransformMatrix {
         -0.016676,-0.998851,0.044929,0.000000,0.999858,-0.016762,-0.001516,0.000000,0.002268,0.044897,0.998989,0.000000,-0.000001,-0.000000,42.215046,1.000000;;
        }

        Frame Frame61_thigh_r05 {

         FrameTransformMatrix {
          0.429242,0.256172,-0.866099,0.000000,-0.078837,0.965900,0.246620,0.000000,0.899742,-0.037579,0.434801,0.000000,-0.000000,-0.000000,42.308510,1.000000;;
         }

         Frame Frame62_thigh_r06 {

          FrameTransformMatrix {
           0.926522,0.032841,-0.374804,0.000000,0.000000,0.996183,0.087287,0.000000,0.376240,-0.080873,0.922986,0.000000,-0.000000,0.000000,11.456439,1.000000;;
          }
         }
        }
       }
      }
     }
    }
   }
  }

  Frame Frame75_hair_r {

   FrameTransformMatrix {
    0.956352,-0.292219,-0.000000,0.000000,0.075027,0.245541,0.966478,0.000000,-0.282423,-0.924293,0.256748,0.000000,-8.480457,146.127533,11.000000,1.000000;;
   }

   Frame Frame76_hair_r02 {

    FrameTransformMatrix {
     0.985783,0.035291,0.164276,0.000000,-0.051144,0.994324,0.093296,0.000000,-0.160051,-0.100372,0.981992,0.000000,0.000001,-0.000001,38.948685,1.000000;;
    }

    Frame Frame77_hair_r03 {

     FrameTransformMatrix {
      0.970486,0.037634,-0.238202,0.000000,0.000000,0.987748,0.156055,0.000000,0.241156,-0.151449,0.958596,0.000000,-0.000000,-0.000000,51.264023,1.000000;;
     }
    }
   }
  }

  Frame Frame78_hair_l {

   FrameTransformMatrix {
    0.956352,0.292219,0.000000,0.000000,-0.075027,0.245541,0.966478,0.000000,0.282423,-0.924293,0.256748,0.000000,17.936127,141.255020,11.000000,1.000000;;
   }

   Frame Frame79_hair_l02 {

    FrameTransformMatrix {
     0.877946,-0.035291,0.477458,0.000000,-0.017137,0.994324,0.105006,0.000000,-0.478454,-0.100372,0.872357,0.000000,-0.000001,-0.000001,38.948685,1.000000;;
    }

    Frame Frame80_hair_l03 {

     FrameTransformMatrix {
      0.970486,-0.037634,0.238202,0.000000,-0.000000,0.987748,0.156055,0.000000,-0.241156,-0.151449,0.958596,0.000000,0.000000,-0.000000,51.264023,1.000000;;
     }
    }
   }
  }
 }
}

AnimationSet AnimationSet_01 {

 Animation Animation0 {
  { Frame1________f___Layer1 }
  AnimationKey {
   0;
   61;
   0;4;1.000000,0.000000,0.000000,0.000000;;,
   1;4;1.000000,0.000000,0.000000,0.000000;;,
   2;4;1.000000,0.000000,0.000000,0.000000;;,
   3;4;1.000000,0.000000,0.000000,0.000000;;,
   4;4;1.000000,0.000000,0.000000,0.000000;;,
   5;4;1.000000,0.000000,0.000000,0.000000;;,
   6;4;1.000000,0.000000,0.000000,0.000000;;,
   7;4;1.000000,0.000000,0.000000,0.000000;;,
   8;4;1.000000,0.000000,0.000000,0.000000;;,
   9;4;1.000000,0.000000,0.000000,0.000000;;,
   10;4;1.000000,0.000000,0.000000,0.000000;;,
   11;4;1.000000,0.000000,0.000000,0.000000;;,
   12;4;1.000000,0.000000,0.000000,0.000000;;,
   13;4;1.000000,0.000000,0.000000,0.000000;;,
   14;4;1.000000,0.000000,0.000000,0.000000;;,
   15;4;1.000000,0.000000,0.000000,0.000000;;,
   16;4;1.000000,0.000000,0.000000,0.000000;;,
   17;4;1.000000,0.000000,0.000000,0.000000;;,
   18;4;1.000000,0.000000,0.000000,0.000000;;,
   19;4;1.000000,0.000000,0.000000,0.000000;;,
   20;4;1.000000,0.000000,0.000000,0.000000;;,
   21;4;1.000000,0.000000,0.000000,0.000000;;,
   22;4;1.000000,0.000000,0.000000,0.000000;;,
   23;4;1.000000,0.000000,0.000000,0.000000;;,
   24;4;1.000000,0.000000,0.000000,0.000000;;,
   25;4;1.000000,0.000000,0.000000,0.000000;;,
   26;4;1.000000,0.000000,0.000000,0.000000;;,
   27;4;1.000000,0.000000,0.000000,0.000000;;,
   28;4;1.000000,0.000000,0.000000,0.000000;;,
   29;4;1.000000,0.000000,0.000000,0.000000;;,
   30;4;1.000000,0.000000,0.000000,0.000000;;,
   31;4;1.000000,0.000000,0.000000,0.000000;;,
   32;4;1.000000,0.000000,0.000000,0.000000;;,
   33;4;1.000000,0.000000,0.000000,0.000000;;,
   34;4;1.000000,0.000000,0.000000,0.000000;;,
   35;4;1.000000,0.000000,0.000000,0.000000;;,
   36;4;1.000000,0.000000,0.000000,0.000000;;,
   37;4;1.000000,0.000000,0.000000,0.000000;;,
   38;4;1.000000,0.000000,0.000000,0.000000;;,
   39;4;1.000000,0.000000,0.000000,0.000000;;,
   40;4;1.000000,0.000000,0.000000,0.000000;;,
   41;4;1.000000,0.000000,0.000000,0.000000;;,
   42;4;1.000000,0.000000,0.000000,0.000000;;,
   43;4;1.000000,0.000000,0.000000,0.000000;;,
   44;4;1.000000,0.000000,0.000000,0.000000;;,
   45;4;1.000000,0.000000,0.000000,0.000000;;,
   46;4;1.000000,0.000000,0.000000,0.000000;;,
   47;4;1.000000,0.000000,0.000000,0.000000;;,
   48;4;1.000000,0.000000,0.000000,0.000000;;,
   49;4;1.000000,0.000000,0.000000,0.000000;;,
   50;4;1.000000,0.000000,0.000000,0.000000;;,
   51;4;1.000000,0.000000,0.000000,0.000000;;,
   52;4;1.000000,0.000000,0.000000,0.000000;;,
   53;4;1.000000,0.000000,0.000000,0.000000;;,
   54;4;1.000000,0.000000,0.000000,0.000000;;,
   55;4;1.000000,0.000000,0.000000,0.000000;;,
   56;4;1.000000,0.000000,0.000000,0.000000;;,
   57;4;1.000000,0.000000,0.000000,0.000000;;,
   58;4;1.000000,0.000000,0.000000,0.000000;;,
   59;4;1.000000,0.000000,0.000000,0.000000;;,
   60;4;1.000000,0.000000,0.000000,0.000000;;;
  }
  AnimationKey {
   1;
   61;
   0;3;1.000000,1.000000,1.000000;;,
   1;3;1.000000,1.000000,1.000000;;,
   2;3;1.000000,1.000000,1.000000;;,
   3;3;1.000000,1.000000,1.000000;;,
   4;3;1.000000,1.000000,1.000000;;,
   5;3;1.000000,1.000000,1.000000;;,
   6;3;1.000000,1.000000,1.000000;;,
   7;3;1.000000,1.000000,1.000000;;,
   8;3;1.000000,1.000000,1.000000;;,
   9;3;1.000000,1.000000,1.000000;;,
   10;3;1.000000,1.000000,1.000000;;,
   11;3;1.000000,1.000000,1.000000;;,
   12;3;1.000000,1.000000,1.000000;;,
   13;3;1.000000,1.000000,1.000000;;,
   14;3;1.000000,1.000000,1.000000;;,
   15;3;1.000000,1.000000,1.000000;;,
   16;3;1.000000,1.000000,1.000000;;,
   17;3;1.000000,1.000000,1.000000;;,
   18;3;1.000000,1.000000,1.000000;;,
   19;3;1.000000,1.000000,1.000000;;,
   20;3;1.000000,1.000000,1.000000;;,
   21;3;1.000000,1.000000,1.000000;;,
   22;3;1.000000,1.000000,1.000000;;,
   23;3;1.000000,1.000000,1.000000;;,
   24;3;1.000000,1.000000,1.000000;;,
   25;3;1.000000,1.000000,1.000000;;,
   26;3;1.000000,1.000000,1.000000;;,
   27;3;1.000000,1.000000,1.000000;;,
   28;3;1.000000,1.000000,1.000000;;,
   29;3;1.000000,1.000000,1.000000;;,
   30;3;1.000000,1.000000,1.000000;;,
   31;3;1.000000,1.000000,1.000000;;,
   32;3;1.000000,1.000000,1.000000;;,
   33;3;1.000000,1.000000,1.000000;;,
   34;3;1.000000,1.000000,1.000000;;,
   35;3;1.000000,1.000000,1.000000;;,
   36;3;1.000000,1.000000,1.000000;;,
   37;3;1.000000,1.000000,1.000000;;,
   38;3;1.000000,1.000000,1.000000;;,
   39;3;1.000000,1.000000,1.000000;;,
   40;3;1.000000,1.000000,1.000000;;,
   41;3;1.000000,1.000000,1.000000;;,
   42;3;1.000000,1.000000,1.000000;;,
   43;3;1.000000,1.000000,1.000000;;,
   44;3;1.000000,1.000000,1.000000;;,
   45;3;1.000000,1.000000,1.000000;;,
   46;3;1.000000,1.000000,1.000000;;,
   47;3;1.000000,1.000000,1.000000;;,
   48;3;1.000000,1.000000,1.000000;;,
   49;3;1.000000,1.000000,1.000000;;,
   50;3;1.000000,1.000000,1.000000;;,
   51;3;1.000000,1.000000,1.000000;;,
   52;3;1.000000,1.000000,1.000000;;,
   53;3;1.000000,1.000000,1.000000;;,
   54;3;1.000000,1.000000,1.000000;;,
   55;3;1.000000,1.000000,1.000000;;,
   56;3;1.000000,1.000000,1.000000;;,
   57;3;1.000000,1.000000,1.000000;;,
   58;3;1.000000,1.000000,1.000000;;,
   59;3;1.000000,1.000000,1.000000;;,
   60;3;1.000000,1.000000,1.000000;;;
  }
  AnimationKey {
   2;
   61;
   0;3;0.000000,0.000000,0.000000;;,
   1;3;0.000000,0.000000,0.000000;;,
   2;3;0.000000,0.000000,0.000000;;,
   3;3;0.000000,0.000000,0.000000;;,
   4;3;0.000000,0.000000,0.000000;;,
   5;3;0.000000,0.000000,0.000000;;,
   6;3;0.000000,0.000000,0.000000;;,
   7;3;0.000000,0.000000,0.000000;;,
   8;3;0.000000,0.000000,0.000000;;,
   9;3;0.000000,0.000000,0.000000;;,
   10;3;0.000000,0.000000,0.000000;;,
   11;3;0.000000,0.000000,0.000000;;,
   12;3;0.000000,0.000000,0.000000;;,
   13;3;0.000000,0.000000,0.000000;;,
   14;3;0.000000,0.000000,0.000000;;,
   15;3;0.000000,0.000000,0.000000;;,
   16;3;0.000000,0.000000,0.000000;;,
   17;3;0.000000,0.000000,0.000000;;,
   18;3;0.000000,0.000000,0.000000;;,
   19;3;0.000000,0.000000,0.000000;;,
   20;3;0.000000,0.000000,0.000000;;,
   21;3;0.000000,0.000000,0.000000;;,
   22;3;0.000000,0.000000,0.000000;;,
   23;3;0.000000,0.000000,0.000000;;,
   24;3;0.000000,0.000000,0.000000;;,
   25;3;0.000000,0.000000,0.000000;;,
   26;3;0.000000,0.000000,0.000000;;,
   27;3;0.000000,0.000000,0.000000;;,
   28;3;0.000000,0.000000,0.000000;;,
   29;3;0.000000,0.000000,0.000000;;,
   30;3;0.000000,0.000000,0.000000;;,
   31;3;0.000000,0.000000,0.000000;;,
   32;3;0.000000,0.000000,0.000000;;,
   33;3;0.000000,0.000000,0.000000;;,
   34;3;0.000000,0.000000,0.000000;;,
   35;3;0.000000,0.000000,0.000000;;,
   36;3;0.000000,0.000000,0.000000;;,
   37;3;0.000000,0.000000,0.000000;;,
   38;3;0.000000,0.000000,0.000000;;,
   39;3;0.000000,0.000000,0.000000;;,
   40;3;0.000000,0.000000,0.000000;;,
   41;3;0.000000,0.000000,0.000000;;,
   42;3;0.000000,0.000000,0.000000;;,
   43;3;0.000000,0.000000,0.000000;;,
   44;3;0.000000,0.000000,0.000000;;,
   45;3;0.000000,0.000000,0.000000;;,
   46;3;0.000000,0.000000,0.000000;;,
   47;3;0.000000,0.000000,0.000000;;,
   48;3;0.000000,0.000000,0.000000;;,
   49;3;0.000000,0.000000,0.000000;;,
   50;3;0.000000,0.000000,0.000000;;,
   51;3;0.000000,0.000000,0.000000;;,
   52;3;0.000000,0.000000,0.000000;;,
   53;3;0.000000,0.000000,0.000000;;,
   54;3;0.000000,0.000000,0.000000;;,
   55;3;0.000000,0.000000,0.000000;;,
   56;3;0.000000,0.000000,0.000000;;,
   57;3;0.000000,0.000000,0.000000;;,
   58;3;0.000000,0.000000,0.000000;;,
   59;3;0.000000,0.000000,0.000000;;,
   60;3;0.000000,0.000000,0.000000;;;
  }
 }

 Animation Animation1 {
  { Frame2_death }
  AnimationKey {
   0;
   61;
   0;4;0.707107,0.000000,0.707107,0.000000;;,
   1;4;0.707107,0.000000,0.707107,0.000000;;,
   2;4;0.707107,0.000000,0.707107,0.000000;;,
   3;4;0.707107,0.000000,0.707107,0.000000;;,
   4;4;0.707107,0.000000,0.707107,0.000000;;,
   5;4;0.707107,0.000000,0.707107,0.000000;;,
   6;4;0.707107,0.000000,0.707107,0.000000;;,
   7;4;0.707107,0.000000,0.707107,0.000000;;,
   8;4;0.707107,0.000000,0.707107,0.000000;;,
   9;4;0.707107,0.000000,0.707107,0.000000;;,
   10;4;0.707107,0.000000,0.707107,0.000000;;,
   11;4;0.707107,0.000000,0.707107,0.000000;;,
   12;4;0.707107,0.000000,0.707107,0.000000;;,
   13;4;0.707107,0.000000,0.707107,0.000000;;,
   14;4;0.707107,0.000000,0.707107,0.000000;;,
   15;4;0.707107,0.000000,0.707107,0.000000;;,
   16;4;0.707107,0.000000,0.707107,0.000000;;,
   17;4;0.707107,0.000000,0.707107,0.000000;;,
   18;4;0.707107,0.000000,0.707107,0.000000;;,
   19;4;0.707107,0.000000,0.707107,0.000000;;,
   20;4;0.707107,0.000000,0.707107,0.000000;;,
   21;4;0.707107,0.000000,0.707107,0.000000;;,
   22;4;0.707107,0.000000,0.707107,0.000000;;,
   23;4;0.707107,0.000000,0.707107,0.000000;;,
   24;4;0.707107,0.000000,0.707107,0.000000;;,
   25;4;0.707107,0.000000,0.707107,0.000000;;,
   26;4;0.707107,0.000000,0.707107,0.000000;;,
   27;4;0.707107,0.000000,0.707107,0.000000;;,
   28;4;0.707107,0.000000,0.707107,0.000000;;,
   29;4;0.707107,0.000000,0.707107,0.000000;;,
   30;4;0.707107,0.000000,0.707107,0.000000;;,
   31;4;0.707107,0.000000,0.707107,0.000000;;,
   32;4;0.707107,0.000000,0.707107,0.000000;;,
   33;4;0.707107,0.000000,0.707107,0.000000;;,
   34;4;0.707107,0.000000,0.707107,0.000000;;,
   35;4;0.707107,0.000000,0.707107,0.000000;;,
   36;4;0.707107,0.000000,0.707107,0.000000;;,
   37;4;0.707107,0.000000,0.707107,0.000000;;,
   38;4;0.707107,0.000000,0.707107,0.000000;;,
   39;4;0.707107,0.000000,0.707107,0.000000;;,
   40;4;0.707107,0.000000,0.707107,0.000000;;,
   41;4;0.707107,0.000000,0.707107,0.000000;;,
   42;4;0.707107,0.000000,0.707107,0.000000;;,
   43;4;0.707107,0.000000,0.707107,0.000000;;,
   44;4;0.707107,0.000000,0.707107,0.000000;;,
   45;4;0.707107,0.000000,0.707107,0.000000;;,
   46;4;0.707107,0.000000,0.707107,0.000000;;,
   47;4;0.707107,0.000000,0.707107,0.000000;;,
   48;4;0.707107,0.000000,0.707107,0.000000;;,
   49;4;0.707107,0.000000,0.707107,0.000000;;,
   50;4;0.707107,0.000000,0.707107,0.000000;;,
   51;4;0.707107,0.000000,0.707107,0.000000;;,
   52;4;0.707107,0.000000,0.707107,0.000000;;,
   53;4;0.707107,0.000000,0.707107,0.000000;;,
   54;4;0.707107,0.000000,0.707107,0.000000;;,
   55;4;0.707107,0.000000,0.707107,0.000000;;,
   56;4;0.707107,0.000000,0.707107,0.000000;;,
   57;4;0.707107,0.000000,0.707107,0.000000;;,
   58;4;0.707107,0.000000,0.707107,0.000000;;,
   59;4;0.707107,0.000000,0.707107,0.000000;;,
   60;4;0.707107,0.000000,0.707107,0.000000;;;
  }
  AnimationKey {
   1;
   61;
   0;3;1.000000,1.000000,1.000000;;,
   1;3;1.000000,1.000000,1.000000;;,
   2;3;1.000000,1.000000,1.000000;;,
   3;3;1.000000,1.000000,1.000000;;,
   4;3;1.000000,1.000000,1.000000;;,
   5;3;1.000000,1.000000,1.000000;;,
   6;3;1.000000,1.000000,1.000000;;,
   7;3;1.000000,1.000000,1.000000;;,
   8;3;1.000000,1.000000,1.000000;;,
   9;3;1.000000,1.000000,1.000000;;,
   10;3;1.000000,1.000000,1.000000;;,
   11;3;1.000000,1.000000,1.000000;;,
   12;3;1.000000,1.000000,1.000000;;,
   13;3;1.000000,1.000000,1.000000;;,
   14;3;1.000000,1.000000,1.000000;;,
   15;3;1.000000,1.000000,1.000000;;,
   16;3;1.000000,1.000000,1.000000;;,
   17;3;1.000000,1.000000,1.000000;;,
   18;3;1.000000,1.000000,1.000000;;,
   19;3;1.000000,1.000000,1.000000;;,
   20;3;1.000000,1.000000,1.000000;;,
   21;3;1.000000,1.000000,1.000000;;,
   22;3;1.000000,1.000000,1.000000;;,
   23;3;1.000000,1.000000,1.000000;;,
   24;3;1.000000,1.000000,1.000000;;,
   25;3;1.000000,1.000000,1.000000;;,
   26;3;1.000000,1.000000,1.000000;;,
   27;3;1.000000,1.000000,1.000000;;,
   28;3;1.000000,1.000000,1.000000;;,
   29;3;1.000000,1.000000,1.000000;;,
   30;3;1.000000,1.000000,1.000000;;,
   31;3;1.000000,1.000000,1.000000;;,
   32;3;1.000000,1.000000,1.000000;;,
   33;3;1.000000,1.000000,1.000000;;,
   34;3;1.000000,1.000000,1.000000;;,
   35;3;1.000000,1.000000,1.000000;;,
   36;3;1.000000,1.000000,1.000000;;,
   37;3;1.000000,1.000000,1.000000;;,
   38;3;1.000000,1.000000,1.000000;;,
   39;3;1.000000,1.000000,1.000000;;,
   40;3;1.000000,1.000000,1.000000;;,
   41;3;1.000000,1.000000,1.000000;;,
   42;3;1.000000,1.000000,1.000000;;,
   43;3;1.000000,1.000000,1.000000;;,
   44;3;1.000000,1.000000,1.000000;;,
   45;3;1.000000,1.000000,1.000000;;,
   46;3;1.000000,1.000000,1.000000;;,
   47;3;1.000000,1.000000,1.000000;;,
   48;3;1.000000,1.000000,1.000000;;,
   49;3;1.000000,1.000000,1.000000;;,
   50;3;1.000000,1.000000,1.000000;;,
   51;3;1.000000,1.000000,1.000000;;,
   52;3;1.000000,1.000000,1.000000;;,
   53;3;1.000000,1.000000,1.000000;;,
   54;3;1.000000,1.000000,1.000000;;,
   55;3;1.000000,1.000000,1.000000;;,
   56;3;1.000000,1.000000,1.000000;;,
   57;3;1.000000,1.000000,1.000000;;,
   58;3;1.000000,1.000000,1.000000;;,
   59;3;1.000000,1.000000,1.000000;;,
   60;3;1.000000,1.000000,1.000000;;;
  }
  AnimationKey {
   2;
   61;
   0;3;-49.299999,106.199997,7.100000;;,
   1;3;-49.299999,106.199997,7.100000;;,
   2;3;-49.299999,106.199997,7.100000;;,
   3;3;-49.299999,106.199997,7.100000;;,
   4;3;-49.299999,106.199997,7.100000;;,
   5;3;-49.299999,106.199997,7.100000;;,
   6;3;-49.299999,106.199997,7.100000;;,
   7;3;-49.299999,106.199997,7.100000;;,
   8;3;-49.299999,106.199997,7.100000;;,
   9;3;-49.299999,106.199997,7.100000;;,
   10;3;-49.299999,106.199997,7.100000;;,
   11;3;-49.299999,106.199997,7.100000;;,
   12;3;-49.299999,106.199997,7.100000;;,
   13;3;-49.299999,106.199997,7.100000;;,
   14;3;-49.299999,106.199997,7.100000;;,
   15;3;-49.299999,106.199997,7.100000;;,
   16;3;-49.299999,106.199997,7.100000;;,
   17;3;-49.299999,106.199997,7.100000;;,
   18;3;-49.299999,106.199997,7.100000;;,
   19;3;-49.299999,106.199997,7.100000;;,
   20;3;-49.299999,106.199997,7.100000;;,
   21;3;-49.299999,106.199997,7.100000;;,
   22;3;-49.299999,106.199997,7.100000;;,
   23;3;-49.299999,106.199997,7.100000;;,
